  0.53778815   0.00782637
  0.60532218   0.53778815
  0.65013194   0.60532218
  0.76723742   0.65013194
  0.95918632   0.76723742
  0.04461621   0.95918632
  0.86471689   0.04461621
  0.29640582   0.86471689
  0.69289595   0.29640582
  0.50207746   0.69289595
  0.41637206   0.50207746
  0.96534610   0.41637206
  0.57211053   0.96534610
  0.46163505   0.57211053
  0.70019335   0.46163505
  0.14938408   0.70019335
  0.69818622   0.14938408
  0.41565076   0.69818622
  0.84223753   0.41565076
  0.48597446   0.84223753
  0.77271235   0.48597446
  0.97664285   0.77271235
  0.43649474   0.97664285
  0.16689050   0.43649474
  0.92877758   0.16689050
  0.96489078   0.92877758
  0.91896230   0.96489078
  0.99935687   0.91896230
  0.19059445   0.99935687
  0.32083049   0.19059445
  0.19803968   0.32083049
  0.45299366   0.19803968
  0.46451372   0.45299366
  0.08188459   0.46451372
  0.23422614   0.08188459
  0.63856786   0.23422614
  0.41048595   0.63856786
  0.03738553   0.41048595
  0.33867073   0.03738553
  0.03888560   0.33867073
  0.55028623   0.03888560
  0.66040075   0.55028623
  0.35583499   0.66040075
  0.51857477   0.35583499
  0.68588293   0.51857477
  0.63471812   0.68588293
  0.70712858   0.63471812
  0.70996678   0.70712858
  0.41140565   0.70996678
  0.49477789   0.41140565
  0.73176503   0.49477789
  0.77443367   0.73176503
  0.90684032   0.77443367
  0.26497930   0.90684032
  0.50720042   0.26497930
  0.51738304   0.50720042
  0.65628654   0.51738304
  0.20810165   0.65628654
  0.56432754   0.20810165
  0.65309232   0.56432754
  0.52289474   0.65309232
  0.29196364   0.52289474
  0.03294116   0.29196364
  0.64211202   0.03294116
  0.97668499   0.64211202
  0.14450723   0.97668499
  0.73289490   0.14450723
  0.76424998   0.73289490
  0.74907523   0.76424998
  0.70709479   0.74907523
  0.14214802   0.70709479
  0.08180029   0.14214802
  0.81744200   0.08180029
  0.74739367   0.81744200
  0.44582495   0.74739367
  0.97995383   0.44582495
  0.08398371   0.97995383
  0.51426220   0.08398371
  0.20454675   0.51426220
  0.81730026   0.20454675
  0.36537561   0.81730026
  0.86770129   0.36537561
  0.45530120   0.86770129
  0.24713175   0.45530120
  0.54341787   0.24713175
  0.22451431   0.54341787
  0.41199845   0.22451431
  0.45787898   0.41199845
  0.57221365   0.45787898
  0.19487843   0.57221365
  0.32183111   0.19487843
  0.01524803   0.32183111
  0.27370223   0.01524803
  0.11358253   0.27370223
  0.98156011   0.11358253
  0.08077055   0.98156011
  0.51063943   0.08077055
  0.31727225   0.51063943
  0.39461556   0.31727225
  0.30397558   0.39461556
  0.91736847   0.30397558
  0.21237150   0.91736847
  0.32770392   0.21237150
  0.71997708   0.32770392
  0.65481085   0.71997708
  0.40572700   0.65481085
  0.05375438   0.40572700
  0.44984114   0.05375438
  0.48011905   0.44984114
  0.36075997   0.48011905
  0.29265091   0.36075997
  0.58384824   0.29265091
  0.73748136   0.58384824
  0.84929132   0.73748136
  0.03961251   0.84929132
  0.76752257   0.03961251
  0.75151485   0.76752257
  0.70996773   0.75151485
  0.42726189   0.70996773
  0.99033666   0.42726189
  0.58814776   0.99033666
  0.99960095   0.58814776
  0.29326329   0.99960095
  0.87629080   0.29326329
  0.81959289   0.87629080
  0.89729941   0.81959289
  0.91080475   0.89729941
  0.89590883   0.91080475
  0.53953654   0.89590883
  0.99066216   0.53953654
  0.05868597   0.99066216
  0.33505958   0.05868597
  0.34621376   0.33505958
  0.81470370   0.34621376
  0.72533715   0.81470370
  0.74103248   0.72533715
  0.53300333   0.74103248
  0.18662317   0.53300333
  0.57565945   0.18662317
  0.10861003   0.57565945
  0.40882644   0.10861003
  0.14613861   0.40882644
  0.15156215   0.14613861
  0.30509707   0.15156215
  0.76669365   0.30509707
  0.81977147   0.76669365
  0.89868069   0.81977147
  0.12640654   0.89868069
  0.51454931   0.12640654
  0.03052866   0.51454931
  0.09514076   0.03052866
  0.03080605   0.09514076
  0.75719935   0.03080605
  0.24967389   0.75719935
  0.26915643   0.24967389
  0.71215886   0.26915643
  0.25374153   0.71215886
  0.63402587   0.25374153
  0.07299588   0.63402587
  0.84175831   0.07299588
  0.43180308   0.84175831
  0.31416970   0.43180308
  0.25033468   0.31416970
  0.37518138   0.25033468
  0.67349899   0.37518138
  0.49741304   0.67349899
  0.02103212   0.49741304
  0.48678011   0.02103212
  0.31303555   0.48678011
  0.18853147   0.31303555
  0.64837116   0.18853147
  0.17362995   0.64837116
  0.19855201   0.17362995
  0.06356512   0.19855201
  0.33902881   0.06356512
  0.05736356   0.33902881
  0.10936831   0.05736356
  0.15316875   0.10936831
  0.30728412   0.15316875
  0.52414471   0.30728412
  0.30016926   0.52414471
  0.94458705   0.30016926
  0.67440033   0.94458705
  0.64605510   0.67440033
  0.24838415   0.64605510
  0.59236759   0.24838415
  0.92188525   0.59236759
  0.12559409   0.92188525
  0.85983592   0.12559409
  0.26232854   0.85983592
  0.95587516   0.26232854
  0.39373842   0.95587516
  0.56148291   0.39373842
  0.84353215   0.56148291
  0.24497932   0.84353215
  0.36745039   0.24497932
  0.73869997   0.36745039
  0.33032054   0.73869997
  0.69738686   0.33032054
  0.98091310   0.69738686
  0.20664875   0.98091310
  0.14549978   0.20664875
  0.41490269   0.14549978
  0.26966837   0.41490269
  0.31620312   0.26966837
  0.42574134   0.31620312
  0.43466616   0.42574134
  0.43392804   0.43466616
  0.02848317   0.43392804
  0.71663982   0.02848317
  0.56571895   0.71663982
  0.03865935   0.56571895
  0.74768037   0.03865935
  0.26373786   0.74768037
  0.64233476   0.26373786
  0.72032696   0.64233476
  0.53547424   0.72032696
  0.71589768   0.53547424
  0.09240383   0.71589768
  0.03111724   0.09240383
  0.98740542   0.03111724
  0.32273421   0.98740542
  0.19387293   0.32273421
  0.42232066   0.19387293
  0.94315934   0.42232066
  0.67906523   0.94315934
  0.04911970   0.67906523
  0.55474705   0.04911970
  0.63389558   0.55474705
  0.88266903   0.63389558
  0.01867962   0.88266903
  0.94830698   0.01867962
  0.19499895   0.94830698
  0.34743634   0.19499895
  0.36249968   0.34743634
  0.53198212   0.36249968
  0.02342669   0.53198212
  0.73241264   0.02342669
  0.65945762   0.73241264
  0.50411886   0.65945762
  0.72556269   0.50411886
  0.53178138   0.72556269
  0.64991719   0.53178138
  0.15806027   0.64991719
  0.51895738   0.15806027
  0.11665404   0.51895738
  0.60447955   0.11665404
  0.48826978   0.60447955
  0.35036564   0.48826978
  0.59504247   0.35036564
  0.87899995   0.59504247
  0.35201612   0.87899995
  0.33499002   0.35201612
  0.17758814   0.33499002
  0.72371596   0.17758814
  0.49423230   0.72371596
  0.56198382   0.49423230
  0.26188016   0.56198382
  0.41987985   0.26188016
  0.92061090   0.41987985
  0.70795196   0.92061090
  0.54880333   0.70795196
  0.73760962   0.54880333
  0.00485344   0.73760962
  0.57183629   0.00485344
  0.85217750   0.57183629
  0.54679960   0.85217750
  0.06079748   0.54679960
  0.82323790   0.06079748
  0.15966830   0.82323790
  0.54506177   0.15966830
  0.85358572   0.54506177
  0.21474200   0.85358572
  0.16897930   0.21474200
  0.03503694   0.16897930
  0.86582172   0.03503694
  0.86520261   0.86582172
  0.45981768   0.86520261
  0.15588549   0.45981768
  0.96747285   0.15588549
  0.31622681   0.96747285
  0.82383746   0.31622681
  0.23579784   0.82383746
  0.05424681   0.23579784
  0.72609359   0.05424681
  0.45493805   0.72609359
  0.14369074   0.45493805
  0.01010772   0.14369074
  0.88036859   0.01010772
  0.35471717   0.88036859
  0.73117971   0.35471717
  0.93700057   0.73117971
  0.16865587   0.93700057
  0.59919304   0.16865587
  0.63737792   0.59919304
  0.41064543   0.63737792
  0.71743959   0.41064543
  0.00730468   0.71743959
  0.76981276   0.00730468
  0.24281195   0.76981276
  0.94041294   0.24281195
  0.52064198   0.94041294
  0.42990664   0.52064198
  0.44066262   0.42990664
  0.21663639   0.44066262
  0.00772166   0.21663639
  0.77788031   0.00772166
  0.83444023   0.77788031
  0.43693525   0.83444023
  0.57072192   0.43693525
  0.12327669   0.57072192
  0.91134578   0.12327669
  0.98891336   0.91134578
  0.66638839   0.98891336
  0.98941189   0.66638839
  0.04526017   0.98941189
  0.68770897   0.04526017
  0.32517555   0.68770897
  0.22569558   0.32517555
  0.26571286   0.22569558
  0.83578253   0.26571286
  0.99660897   0.83578253
  0.00733815   0.99660897
  0.33221564   0.00733815
  0.54826790   0.33221564
  0.73886591   0.54826790
  0.11912201   0.73886591
  0.08358707   0.11912201
  0.84779215   0.08358707
  0.84275758   0.84779215
  0.22627582   0.84275758
  0.01760373   0.22627582
  0.86594254   0.01760373
  0.89622366   0.86594254
  0.83121872   0.89622366
  0.29304832   0.83121872
  0.26320830   0.29304832
  0.74200761   0.26320830
  0.92228144   0.74200761
  0.78415167   0.92228144
  0.23692131   0.78415167
  0.93637222   0.23692131
  0.60836363   0.93637222
  0.76782012   0.60836363
  0.75282305   0.76782012
  0.69733822   0.75282305
  0.16312014   0.69733822
  0.56009007   0.16312014
  0.43417299   0.56009007
  0.14531775   0.43417299
  0.35549670   0.14531775
  0.83290529   0.35549670
  0.63970387   0.83290529
  0.50267112   0.63970387
  0.39388937   0.50267112
  0.09840052   0.39388937
  0.81755877   0.09840052
  0.71016884   0.81755877
  0.80771339   0.71016884
  0.23870713   0.80771339
  0.95056880   0.23870713
  0.20973279   0.95056880
  0.97888595   0.20973279
  0.13660069   0.97888595
  0.84771901   0.13660069
  0.61332107   0.84771901
  0.08667419   0.61332107
  0.73314542   0.08667419
  0.97536880   0.73314542
  0.02366583   0.97536880
  0.75159764   0.02366583
  0.10133181   0.75159764
  0.08370018   0.10133181
  0.74891114   0.08370018
  0.94995099   0.74891114
  0.82630086   0.94995099
  0.63844955   0.82630086
  0.42111680   0.63844955
  0.71009302   0.42111680
  0.53303260   0.71009302
  0.67915225   0.53303260
  0.51174289   0.67915225
  0.86274642   0.51174289
  0.17892866   0.86274642
  0.25392342   0.17892866
  0.69107616   0.25392342
  0.91688472   0.69107616
  0.08105558   0.91688472
  0.30118355   0.08105558
  0.99200803   0.30118355
  0.67914712   0.99200803
  0.42567632   0.67914712
  0.34169021   0.42567632
  0.78720045   0.34169021
  0.47842267   0.78720045
  0.84976631   0.47842267
  0.02271264   0.84976631
  0.73141110   0.02271264
  0.82589215   0.73141110
  0.76943308   0.82589215
  0.86137044   0.76943308
  0.05333015   0.86137044
  0.31984657   0.05333015
  0.66128927   0.31984657
  0.28892320   0.66128927
  0.93216574   0.28892320
  0.90968657   0.93216574
  0.10163438   0.90968657
  0.16893838   0.10163438
  0.34752169   0.16893838
  0.79728448   0.34752169
  0.96006906   0.79728448
  0.88032871   0.96006906
  0.68514776   0.88032871
  0.27879068   0.68514776
  0.63487083   0.27879068
  0.27391943   0.63487083
  0.76373070   0.27391943
  0.02210999   0.76373070
  0.60259444   0.02210999
  0.80431736   0.60259444
  0.16189614   0.80431736
  0.98848629   0.16189614
  0.48957646   0.98848629
  0.31153342   0.48957646
  0.94238603   0.31153342
  0.68213469   0.94238603
  0.63739967   0.68213469
  0.77599597   0.63739967
  0.16446570   0.77599597
  0.17495540   0.16446570
  0.47527120   0.17495540
  0.88298881   0.47527120
  0.39314914   0.88298881
  0.65741611   0.39314914
  0.19261947   0.65741611
  0.35547990   0.19261947
  0.55040467   0.35547990
  0.65170306   0.55040467
  0.17296119   0.65170306
  0.95872742   0.17296119
  0.33219889   0.95872742
  0.26676908   0.33219889
  0.58770198   0.26676908
  0.50689328   0.58770198
  0.35564205   0.50689328
  0.27579692   0.35564205
  0.31874371   0.27579692
  0.12551981   0.31874371
  0.61146742   0.12551981
  0.93281740   0.61146742
  0.86214244   0.93281740
  0.02849557   0.86214244
  0.92497778   0.02849557
  0.10163934   0.92497778
  0.25233617   0.10163934
  0.01419216   0.25233617
  0.52759778   0.01419216
  0.33587483   0.52759778
  0.04801061   0.33587483
  0.91423732   0.04801061
  0.58622104   0.91423732
  0.61729378   0.58622104
  0.85642004   0.61729378
  0.85122985   0.85642004
  0.62024772   0.85122985
  0.50345516   0.62024772
  0.57104552   0.50345516
  0.56230593   0.57104552
  0.67566937   0.56230593
  0.97483665   0.67566937
  0.07937016   0.97483665
  0.97425830   0.07937016
  0.35930911   0.97425830
  0.90828264   0.35930911
  0.50653982   0.90828264
  0.41448861   0.50653982
  0.31006166   0.41448861
  0.20655902   0.31006166
  0.63737410   0.20655902
  0.34620309   0.63737410
  0.63529205   0.34620309
  0.35308173   0.63529205
  0.24462649   0.35308173
  0.43737909   0.24462649
  0.03047274   0.43737909
  0.15527208   0.03047274
  0.65782791   0.15527208
  0.11405696   0.65782791
  0.95533121   0.11405696
  0.25161561   0.95533121
  0.90347272   0.25161561
  0.66578037   0.90347272
  0.77017719   0.66578037
  0.36761895   0.77017719
  0.57188475   0.36761895
  0.66731733   0.57188475
  0.60204810   0.66731733
  0.62192005   0.60204810
  0.61042815   0.62192005
  0.46574649   0.61042815
  0.80119544   0.46574649
  0.69149828   0.80119544
  0.01159800   0.69149828
  0.92753637   0.01159800
  0.10422786   0.92753637
  0.75769848   0.10422786
  0.63860255   0.75769848
  0.99351132   0.63860255
  0.94491327   0.99351132
  0.15714765   0.94491327
  0.18046324   0.15714765
  0.04563724   0.18046324
  0.02498629   0.04563724
  0.94451988   0.02498629
  0.54565787   0.94451988
  0.87163574   0.54565787
  0.58200121   0.87163574
  0.69439119   0.58200121
  0.63260394   0.69439119
  0.17486429   0.63260394
  0.94415164   0.17486429
  0.35626766   0.94415164
  0.79033619   0.35626766
  0.18020713   0.79033619
  0.74136108   0.18020713
  0.05610340   0.74136108
  0.92986697   0.05610340
  0.27395380   0.92986697
  0.34130895   0.27395380
  0.37933716   0.34130895
  0.51976711   0.37933716
  0.72540319   0.51976711
  0.85124993   0.72540319
  0.95747817   0.85124993
  0.33520848   0.95747817
  0.84877360   0.33520848
  0.33784038   0.84877360
  0.08316221   0.33784038
  0.70721632   0.08316221
  0.18483822   0.70721632
  0.57604343   0.18483822
  0.56214023   0.57604343
  0.89047587   0.56214023
  0.22755677   0.89047587
  0.54654467   0.22755677
  0.77586031   0.54654467
  0.88422954   0.77586031
  0.24576652   0.88422954
  0.59783369   0.24576652
  0.79110253   0.59783369
  0.06022738   0.79110253
  0.24160187   0.06022738
  0.60255152   0.24160187
  0.08362615   0.60255152
  0.50467497   0.08362615
  0.07239199   0.50467497
  0.69217831   0.07239199
  0.44047633   0.69217831
  0.08571301   0.44047633
  0.57865053   0.08571301
  0.37994683   0.57865053
  0.76646453   0.37994683
  0.96914297   0.76646453
  0.38614973   0.96914297
  0.01864932   0.38614973
  0.43909207   0.01864932
  0.82035118   0.43909207
  0.64275306   0.82035118
  0.75031620   0.64275306
  0.56444710   0.75031620
  0.66292745   0.56444710
  0.82150328   0.66292745
  0.00551929   0.82150328
  0.76276952   0.00551929
  0.86698115   0.76276952
  0.35261160   0.86698115
  0.34308496   0.35261160
  0.22878082   0.34308496
  0.11915802   0.22878082
  0.68883151   0.11915802
  0.19110042   0.68883151
  0.82474416   0.19110042
  0.47557798   0.82474416
  0.03914177   0.47557798
  0.85565805   0.03914177
  0.04457400   0.85565805
  0.15523301   0.04457400
  0.00129729   0.15523301
  0.80362302   0.00129729
  0.49166822   0.80362302
  0.46799895   0.49166822
  0.65822792   0.46799895
  0.83651686   0.65822792
  0.33845678   0.83651686
  0.44311503   0.33845678
  0.43428835   0.44311503
  0.08435553   0.43428835
  0.76327366   0.08435553
  0.34071639   0.76327366
  0.42043883   0.34071639
  0.31511068   0.42043883
  0.06501644   0.31511068
  0.73137999   0.06501644
  0.30321592   0.73137999
  0.14978971   0.30321592
  0.51553297   0.14978971
  0.56291980   0.51553297
  0.99266326   0.56291980
  0.69098955   0.99266326
  0.46127394   0.69098955
  0.63091439   0.46127394
  0.77851915   0.63091439
  0.57127184   0.77851915
  0.36619532   0.57127184
  0.64452952   0.36619532
  0.60760969   0.64452952
  0.09623957   0.60760969
  0.49849394   0.09623957
  0.18743609   0.49849394
  0.23832446   0.18743609
  0.51920289   0.23832446
  0.24309941   0.51920289
  0.77174026   0.24309941
  0.63879180   0.77174026
  0.17377213   0.63879180
  0.58820081   0.17377213
  0.89103222   0.58820081
  0.57887059   0.89103222
  0.07809415   0.57887059
  0.52826905   0.07809415
  0.61840785   0.52826905
  0.58108675   0.61840785
  0.32474026   0.58108675
  0.90965253   0.32474026
  0.53058332   0.90965253
  0.51422650   0.53058332
  0.60518771   0.51422650
  0.39040866   0.60518771
  0.59859127   0.39040866
  0.52329832   0.59859127
  0.07472569   0.52329832
  0.91472435   0.07472569
  0.77261895   0.91472435
  0.40676710   0.77261895
  0.53464669   0.40676710
  0.80652207   0.53464669
  0.21611533   0.80652207
  0.25027272   0.21611533
  0.33369511   0.25027272
  0.41387963   0.33369511
  0.07476726   0.41387963
  0.61337656   0.07476726
  0.01942871   0.61337656
  0.53827411   0.01942871
  0.77327335   0.53827411
  0.40503860   0.77327335
  0.48371965   0.40503860
  0.87611759   0.48371965
  0.90810525   0.87611759
  0.52473223   0.90810525
  0.17489500   0.52473223
  0.46033198   0.17489500
  0.79954684   0.46033198
  0.98375624   0.79954684
  0.99100804   0.98375624
  0.87173736   0.99100804
  0.29027849   0.87173736
  0.71048474   0.29027849
  0.11749012   0.71048474
  0.65645951   0.11749012
  0.11459605   0.65645951
  0.01578585   0.11459605
  0.31280655   0.01578585
  0.33968741   0.31280655
  0.12645587   0.33968741
  0.34388620   0.12645587
  0.69532484   0.34388620
  0.32431781   0.69532484
  0.80933559   0.32431781
  0.50304621   0.80933559
  0.69777155   0.50304621
  0.44600284   0.69777155
  0.96961123   0.44600284
  0.25597882   0.96961123
  0.23613004   0.25597882
  0.63764125   0.23613004
  0.83645725   0.63764125
  0.33663455   0.83645725
  0.81700599   0.33663455
  0.41941544   0.81700599
  0.11556853   0.41941544
  0.36028150   0.11556853
  0.25111127   0.36028150
  0.42729566   0.25111127
  0.55816323   0.42729566
  0.04929092   0.55816323
  0.43254218   0.04929092
  0.73628473   0.43254218
  0.73766679   0.73628473
  0.96543854   0.73766679
  0.12533960   0.96543854
  0.58260775   0.12533960
  0.88804150   0.58260775
  0.31321573   0.88804150
  0.21689026   0.31321573
  0.27472863   0.21689026
  0.36381605   0.27472863
  0.65654886   0.36381605
  0.61671108   0.65654886
  0.06346417   0.61671108
  0.64229542   0.06346417
  0.05950749   0.64229542
  0.14233239   0.05950749
  0.18051815   0.14233239
  0.96851486   0.18051815
  0.82942635   0.96851486
  0.16850780   0.82942635
  0.11056414   0.16850780
  0.25150415   0.11056414
  0.03029384   0.25150415
  0.14849058   0.03029384
  0.68115234   0.14849058
  0.12774414   0.68115234
  0.99574804   0.12774414
  0.53774315   0.99574804
  0.84951407   0.53774315
  0.78285533   0.84951407
  0.45006239   0.78285533
  0.19864622   0.45006239
  0.64696485   0.19864622
  0.53817481   0.64696485
  0.10372877   0.53817481
  0.36945853   0.10372877
  0.48957303   0.36945853
  0.25402528   0.48957303
  0.40271875   0.25402528
  0.49422717   0.40271875
  0.47623029   0.49422717
  0.00233548   0.47623029
  0.25236455   0.00233548
  0.49111545   0.25236455
  0.17733164   0.49111545
  0.41299874   0.17733164
  0.26974976   0.41299874
  0.68415070   0.26974976
  0.52111751   0.68415070
  0.42211664   0.52111751
  0.51453656   0.42211664
  0.81560874   0.51453656
  0.93594056   0.81560874
  0.35305324   0.93594056
  0.76592660   0.35305324
  0.92856729   0.76592660
  0.43094069   0.92856729
  0.81995296   0.43094069
  0.94975162   0.81995296
  0.47542521   0.94975162
  0.47138044   0.47542521
  0.49120834   0.47138044
  0.73880970   0.49120834
  0.17480011   0.73880970
  0.86560750   0.17480011
  0.26522142   0.86560750
  0.57648981   0.26522142
  0.06417690   0.57648981
  0.62114060   0.06417690
  0.50959474   0.62114060
  0.75835103   0.50959474
  0.60618687   0.75835103
  0.18291700   0.60618687
  0.28604046   0.18291700
  0.48197028   0.28604046
  0.47458488   0.48197028
  0.34786752   0.47458488
  0.60949844   0.34786752
  0.84074461   0.60949844
  0.39483026   0.84074461
  0.91237009   0.39483026
  0.20381863   0.91237009
  0.57980144   0.20381863
  0.72292805   0.57980144
  0.25138938   0.72292805
  0.10142252   0.25138938
  0.60830039   0.10142252
  0.70465481   0.60830039
  0.13353056   0.70465481
  0.24794994   0.13353056
  0.29459912   0.24794994
  0.32749107   0.29459912
  0.14246543   0.32749107
  0.41647270   0.14246543
  0.65689844   0.41647270
  0.49195084   0.65689844
  0.21794766   0.49195084
  0.04645661   0.21794766
  0.79624218   0.04645661
  0.44192323   0.79624218
  0.40377626   0.44192323
  0.26781785   0.40377626
  0.21464996   0.26781785
  0.62177652   0.21464996
  0.19816113   0.62177652
  0.49407163   0.19816113
  0.86197251   0.49407163
  0.17188644   0.86197251
  0.89538109   0.17188644
  0.67024881   0.89538109
  0.87148440   0.67024881
  0.03807119   0.87148440
  0.86250639   0.03807119
  0.14504576   0.86250639
  0.78408313   0.14504576
  0.08469974   0.78408313
  0.54858845   0.08469974
  0.12601413   0.54858845
  0.91944796   0.12601413
  0.16182953   0.91944796
  0.86904943   0.16182953
  0.11358719   0.86904943
  0.05987859   0.11358719
  0.37941650   0.05987859
  0.85309863   0.37941650
  0.02914240   0.85309863
  0.79636037   0.02914240
  0.42855316   0.79636037
  0.69284296   0.42855316
  0.61159319   0.69284296
  0.04683714   0.61159319
  0.19178677   0.04683714
  0.36010027   0.19178677
  0.20536229   0.36010027
  0.52397293   0.20536229
  0.41295120   0.52397293
  0.47070092   0.41295120
  0.07059467   0.47070092
  0.48453736   0.07059467
  0.61959767   0.48453736
  0.57789844   0.61959767
  0.73956221   0.57789844
  0.82175893   0.73956221
  0.30205515   0.82175893
  0.64077991   0.30205515
  0.58797044   0.64077991
  0.01933520   0.58797044
  0.96661395   0.01933520
  0.88080961   0.96661395
  0.76665670   0.88080961
  0.19882731   0.76665670
  0.69056940   0.19882731
  0.40014356   0.69056940
  0.21308252   0.40014356
  0.27791238   0.21308252
  0.87329751   0.27791238
  0.51095557   0.87329751
  0.63056302   0.51095557
  0.87283480   0.63056302
  0.73479247   0.87283480
  0.65733081   0.73479247
  0.75878167   0.65733081
  0.84346533   0.75878167
  0.12174663   0.84346533
  0.19563387   0.12174663
  0.01846386   0.19563387
  0.32203701   0.01846386
  0.47624069   0.32203701
  0.17745049   0.47624069
  0.41037425   0.17745049
  0.16019957   0.41037425
  0.47403345   0.16019957
  0.07993583   0.47403345
  0.48154384   0.07993583
  0.30743852   0.48154384
  0.11915745   0.30743852
  0.67919725   0.11915745
  0.26808321   0.67919725
  0.67459255   0.26808321
  0.87726557   0.67459255
  0.20267251   0.87726557
  0.31689966   0.20267251
  0.13265145   0.31689966
  0.47276655   0.13265145
  0.78742170   0.47276655
  0.19666809   0.78742170
  0.40061083   0.19666809
  0.06644493   0.40061083
  0.73988682   0.06644493
  0.27824879   0.73988682
  0.52718407   0.27824879
  0.38217703   0.52718407
  0.24939655   0.38217703
  0.60788828   0.24939655
  0.77860761   0.60788828
  0.05792201   0.77860761
  0.49520424   0.05792201
  0.89790177   0.49520424
  0.03476909   0.89790177
  0.36405498   0.03476909
  0.67177367   0.36405498
  0.50046450   0.67177367
  0.30675247   0.50046450
  0.58867717   0.30675247
  0.89745498   0.58867717
  0.52536780   0.89745498
  0.85633159   0.52536780
  0.36512756   0.85633159
  0.69888395   0.36512756
  0.14245549   0.69888395
  0.24939539   0.14245549
  0.58819717   0.24939539
  0.82953262   0.58819717
  0.95493138   0.82953262
  0.53147233   0.95493138
  0.45553243   0.53147233
  0.13345629   0.45553243
  0.99980056   0.13345629
  0.64814603   0.99980056
  0.39070740   0.64814603
  0.61942625   0.39070740
  0.69745022   0.61942625
  0.04586283   0.69745022
  0.81655699   0.04586283
  0.87290150   0.81655699
  0.85565376   0.87290150
  0.97319752   0.85565376
  0.53060514   0.97319752
  0.88075888   0.53060514
  0.91441983   0.88075888
  0.65446305   0.91441983
  0.56021965   0.65446305
  0.61132807   0.56021965
  0.59029901   0.61132807
  0.15523554   0.59029901
  0.04390405   0.15523554
  0.89534163   0.04390405
  0.00704226   0.89534163
  0.35931712   0.00704226
  0.04306838   0.35931712
  0.85032719   0.04306838
  0.44934747   0.85032719
  0.18263365   0.44934747
  0.52392173   0.18263365
  0.55248100   0.52392173
  0.54858351   0.55248100
  0.04344593   0.54858351
  0.19578305   0.04344593
  0.52568036   0.19578305
  0.11015762   0.52568036
  0.41923249   0.11015762
  0.04046283   0.41923249
  0.05871544   0.04046283
  0.83033568   0.05871544
  0.45206082   0.83033568
  0.78630817   0.45206082
  0.48163563   0.78630817
  0.85011762   0.48163563
  0.92719173   0.85011762
  0.31107107   0.92719173
  0.17153704   0.31107107
  0.02306059   0.17153704
  0.57936025   0.02306059
  0.30810839   0.57936025
  0.37783572   0.30810839
  0.28509513   0.37783572
  0.59356415   0.28509513
  0.03242197   0.59356415
  0.91601551   0.03242197
  0.47287908   0.91601551
  0.67886734   0.47287908
  0.72315538   0.67886734
  0.07245765   0.72315538
  0.79572767   0.07245765
  0.79475570   0.79572767
  0.45856380   0.79475570
  0.08185229   0.45856380
  0.69149089   0.08185229
  0.88757354   0.69149089
  0.44820771   0.88757354
  0.02668704   0.44820771
  0.52905792   0.02668704
  0.87619132   0.52905792
  0.14728560   0.87619132
  0.42888010   0.14728560
  0.18797943   0.42888010
  0.37031993   0.18797943
  0.96731526   0.37031993
  0.66756433   0.96731526
  0.75327170   0.66756433
  0.23781802   0.75327170
  0.00740022   0.23781802
  0.37547067   0.00740022
  0.53542739   0.37547067
  0.92831451   0.53542739
  0.18170740   0.92831451
  0.95633411   0.18170740
  0.10732969   0.95633411
  0.89009893   0.10732969
  0.89303434   0.89009893
